[-2, -2, -2] [0.0435781, 0.0436361, 0.044583]
[-2, -1.6, -2] [0.0560951, 0.0449328, 0.0575354]
[-2, -1.2, -2] [0.0699209, 0.0420053, 0.0719008]
[-2, -0.8, -2] [0.0831319, 0.0332992, 0.0856774]
[-2, -0.4, -2] [0.0929089, 0.0186202, 0.0959026]
[-2, 0, -2] [0.0965507, 3.03739e-05, 0.0997135]
[-2, 0.4, -2] [0.0929203, -0.0185623, 0.0959028]
[-2, 0.8, -2] [0.0831526, -0.0332473, 0.0856781]
[-2, 1.2, -2] [0.0699472, -0.0419612, 0.0719007]
[-2, 1.6, -2] [0.0561235, -0.0448972, 0.0575354]
[-2, 2, -2] [0.0436054, -0.0436091, 0.0445833]
[-2, -2, -1.6] [0.0453156, 0.0453721, 0.037204]
[-2, -1.6, -1.6] [0.0606277, 0.0485584, 0.049945]
[-2, -1.2, -1.6] [0.0785465, 0.0471826, 0.0649384]
[-2, -0.8, -1.6] [0.0966197, 0.0386981, 0.0801402]
[-2, -0.4, -1.6] [0.110579, 0.0221598, 0.0919314]
[-2, 0, -1.6] [0.115902, 3.62179e-05, 0.0964345]
[-2, 0.4, -1.6] [0.110592, -0.0220903, 0.091931]
[-2, 0.8, -1.6] [0.0966441, -0.0386372, 0.0801402]
[-2, 1.2, -1.6] [0.0785758, -0.047133, 0.0649382]
[-2, 1.6, -1.6] [0.060658, -0.0485201, 0.0499447]
[-2, 2, -1.6] [0.0453442, -0.0453432, 0.0372039]
[-2, -2, -1.2] [0.042876, 0.042926, 0.0264928]
[-2, -1.6, -1.2] [0.0597028, 0.0478141, 0.0370503]
[-2, -1.2, -1.2] [0.08065, 0.0484421, 0.0502882]
[-2, -0.8, -1.2] [0.10309, 0.0412864, 0.0645732]
[-2, -0.4, -1.2] [0.1213, 0.0243065, 0.0762356]
[-2, 0, -1.2] [0.128442, 4.00937e-05, 0.0808225]
[-2, 0.4, -1.2] [0.121314, -0.0242302, 0.0762354]
[-2, 0.8, -1.2] [0.103116, -0.0412215, 0.0645735]
[-2, 1.2, -1.2] [0.0806803, -0.0483914, 0.0502882]
[-2, 1.6, -1.2] [0.0597329, -0.0477772, 0.0370499]
[-2, 2, -1.2] [0.0429028, -0.0428984, 0.0264916]
[-2, -2, -0.8] [0.0344113, 0.0344493, 0.0142359]
[-2, -1.6, -0.8] [0.049706, 0.0398056, 0.0206668]
[-2, -1.2, -0.8] [0.0698967, 0.0419805, 0.029233]
[-2, -0.8, -0.8] [0.0928659, 0.0371893, 0.0390695]
[-2, -0.4, -0.8] [0.112488, 0.0225395, 0.0475408]
[-2, 0, -0.8] [0.12042, 3.77836e-05, 0.0509802]
[-2, 0.4, -0.8] [0.112502, -0.0224688, 0.0475416]
[-2, 0.8, -0.8] [0.0928893, -0.0371309, 0.0390697]
[-2, 1.2, -0.8] [0.0699227, -0.0419366, 0.0292332]
[-2, 1.6, -0.8] [0.0497312, -0.0397739, 0.0206667]
[-2, 2, -0.8] [0.0344329, -0.0344276, 0.0142354]
[-2, -2, -0.4] [0.0194175, 0.0194383, 0.00406263]
[-2, -1.6, -0.4] [0.0288039, 0.0230659, 0.00604875]
[-2, -1.2, -0.4] [0.0417523, 0.0250759, 0.00881464]
[-2, -0.8, -0.4] [0.057193, 0.0229031, 0.0121485]
[-2, -0.4, -0.4] [0.0709495, 0.0142157, 0.0151477]
[-2, 0, -0.4] [0.0766543, 2.3938e-05, 0.0163976]
[-2, 0.4, -0.4] [0.0709586, -0.0141713, 0.0151475]
[-2, 0.8, -0.4] [0.0572074, -0.0228671, 0.0121488]
[-2, 1.2, -0.4] [0.0417681, -0.0250496, 0.00881535]
[-2, 1.6, -0.4] [0.0288184, -0.0230475, 0.00604854]
[-2, 2, -0.4] [0.0194297, -0.019426, 0.00406202]
[-2, -2, 0] [0, 0, 5.44647e-05]
[-2, -1.6, 0] [0, 0, 6.31201e-05]
[-2, -1.2, 0] [0, 0, 7.1586e-05]
[-2, -0.8, 0] [0, 0, 8.01631e-05]
[-2, -0.4, 0] [0, 0, 8.63932e-05]
[-2, 0, 0] [0, 0, 8.83789e-05]
[-2, 0.4, 0] [0, 0, 8.64226e-05]
[-2, 0.8, 0] [0, 0, 7.99389e-05]
[-2, 1.2, 0] [0, 0, 7.20717e-05]
[-2, 1.6, 0] [0, 0, 6.26919e-05]
[-2, 2, 0] [0, 0, 5.43216e-05]
[-2, -2, 0.4] [-0.0194175, -0.0194383, 0.00406263]
[-2, -1.6, 0.4] [-0.0288039, -0.0230659, 0.00604875]
[-2, -1.2, 0.4] [-0.0417523, -0.0250759, 0.00881464]
[-2, -0.8, 0.4] [-0.057193, -0.022903, 0.0121485]
[-2, -0.4, 0.4] [-0.0709495, -0.0142157, 0.0151477]
[-2, 0, 0.4] [-0.0766544, -2.39584e-05, 0.0163976]
[-2, 0.4, 0.4] [-0.0709586, 0.0141713, 0.0151475]
[-2, 0.8, 0.4] [-0.0572074, 0.0228671, 0.0121488]
[-2, 1.2, 0.4] [-0.0417681, 0.0250496, 0.00881535]
[-2, 1.6, 0.4] [-0.0288184, 0.0230475, 0.00604854]
[-2, 2, 0.4] [-0.0194297, 0.019426, 0.00406202]
[-2, -2, 0.8] [-0.0344113, -0.0344493, 0.0142359]
[-2, -1.6, 0.8] [-0.049706, -0.0398056, 0.0206668]
[-2, -1.2, 0.8] [-0.0698967, -0.0419805, 0.029233]
[-2, -0.8, 0.8] [-0.0928659, -0.0371893, 0.0390695]
[-2, -0.4, 0.8] [-0.112488, -0.0225395, 0.0475408]
[-2, 0, 0.8] [-0.12042, -3.77836e-05, 0.0509802]
[-2, 0.4, 0.8] [-0.112502, 0.0224688, 0.0475416]
[-2, 0.8, 0.8] [-0.0928893, 0.0371309, 0.0390697]
[-2, 1.2, 0.8] [-0.0699227, 0.0419366, 0.0292332]
[-2, 1.6, 0.8] [-0.0497312, 0.0397739, 0.0206667]
[-2, 2, 0.8] [-0.0344329, 0.0344276, 0.0142354]
[-2, -2, 1.2] [-0.042876, -0.042926, 0.0264928]
[-2, -1.6, 1.2] [-0.0597028, -0.0478141, 0.0370503]
[-2, -1.2, 1.2] [-0.08065, -0.0484421, 0.0502882]
[-2, -0.8, 1.2] [-0.10309, -0.0412864, 0.0645732]
[-2, -0.4, 1.2] [-0.1213, -0.0243065, 0.0762356]
[-2, 0, 1.2] [-0.128442, -4.00937e-05, 0.0808225]
[-2, 0.4, 1.2] [-0.121314, 0.0242302, 0.0762354]
[-2, 0.8, 1.2] [-0.103116, 0.0412215, 0.0645735]
[-2, 1.2, 1.2] [-0.0806803, 0.0483914, 0.0502882]
[-2, 1.6, 1.2] [-0.0597329, 0.0477772, 0.0370499]
[-2, 2, 1.2] [-0.0429028, 0.0428984, 0.0264916]
[-2, -2, 1.6] [-0.0453156, -0.0453721, 0.037204]
[-2, -1.6, 1.6] [-0.0606277, -0.0485584, 0.049945]
[-2, -1.2, 1.6] [-0.0785465, -0.0471826, 0.0649384]
[-2, -0.8, 1.6] [-0.0966197, -0.0386981, 0.0801402]
[-2, -0.4, 1.6] [-0.110579, -0.0221598, 0.0919314]
[-2, 0, 1.6] [-0.115902, -3.62543e-05, 0.0964345]
[-2, 0.4, 1.6] [-0.110592, 0.0220903, 0.091931]
[-2, 0.8, 1.6] [-0.0966441, 0.0386372, 0.0801402]
[-2, 1.2, 1.6] [-0.0785758, 0.047133, 0.0649382]
[-2, 1.6, 1.6] [-0.060658, 0.0485201, 0.0499447]
[-2, 2, 1.6] [-0.0453442, 0.0453432, 0.0372039]
[-2, -2, 2] [-0.0435781, -0.0436361, 0.044583]
[-2, -1.6, 2] [-0.0560951, -0.0449328, 0.0575354]
[-2, -1.2, 2] [-0.0699209, -0.0420053, 0.0719008]
[-2, -0.8, 2] [-0.0831319, -0.0332992, 0.0856774]
[-2, -0.4, 2] [-0.0929089, -0.0186202, 0.0959026]
[-2, 0, 2] [-0.0965507, -3.03739e-05, 0.0997135]
[-2, 0.4, 2] [-0.0929203, 0.0185623, 0.0959028]
[-2, 0.8, 2] [-0.0831526, 0.0332473, 0.0856781]
[-2, 1.2, 2] [-0.0699472, 0.0419612, 0.0719007]
[-2, 1.6, 2] [-0.0561235, 0.0448972, 0.0575354]
[-2, 2, 2] [-0.0436054, 0.0436091, 0.0445833]
[-1.6, -2, -2] [0.0448613, 0.0561576, 0.05753]
[-1.6, -1.6, -2] [0.0598253, 0.0599034, 0.0769808]
[-1.6, -1.2, -2] [0.077212, 0.0579804, 0.0997069]
[-1.6, -0.8, -2] [0.0946147, 0.0473696, 0.122572]
[-1.6, -0.4, -2] [0.107965, 0.0270404, 0.140185]
[-1.6, 0, -2] [0.113038, 3.45319e-05, 0.146886]
[-1.6, 0.4, -2] [0.107982, -0.0269718, 0.140185]
[-1.6, 0.8, -2] [0.0946448, -0.0473093, 0.122572]
[-1.6, 1.2, -2] [0.0772483, -0.0579322, 0.0997068]
[-1.6, 1.6, -2] [0.0598622, -0.0598655, 0.0769818]
[-1.6, 2, -2] [0.0448968, -0.0561298, 0.0575302]
[-1.6, -2, -1.6] [0.0484878, 0.0606894, 0.0499383]
[-1.6, -1.6, -1.6] [0.0680778, 0.0681573, 0.0704512]
[-1.6, -1.2, -1.6] [0.0926907, 0.0695948, 0.0964276]
[-1.6, -0.8, -1.6] [0.119254, 0.0596974, 0.124685]
[-1.6, -0.4, -1.6] [0.140912, 0.0352876, 0.147875]
[-1.6, 0, -1.6] [0.149426, 4.632e-05, 0.157021]
[-1.6, 0.4, -1.6] [0.140934, -0.0351992, 0.147875]
[-1.6, 0.8, -1.6] [0.119291, -0.0596221, 0.124685]
[-1.6, 1.2, -1.6] [0.0927338, -0.0695368, 0.0964275]
[-1.6, 1.6, -1.6] [0.0681202, -0.0681141, 0.0704514]
[-1.6, 2, -1.6] [0.0485261, -0.0606592, 0.0499389]
[-1.6, -2, -1.2] [0.0477494, 0.0597592, 0.0370426]
[-1.6, -1.6, -1.2] [0.0709115, 0.0709869, 0.0553695]
[-1.6, -1.2, -1.2] [0.10272, 0.0771184, 0.0808147]
[-1.6, -0.8, -1.2] [0.140322, 0.0702363, 0.111248]
[-1.6, -0.4, -1.2] [0.173445, 0.0434303, 0.138338]
[-1.6, 0, -1.2] [0.18707, 5.87257e-05, 0.149544]
[-1.6, 0.4, -1.2] [0.173473, -0.0433215, 0.138338]
[-1.6, 0.8, -1.2] [0.140366, -0.070149, 0.111248]
[-1.6, 1.2, -1.2] [0.102769, -0.0770537, 0.0808151]
[-1.6, 1.6, -1.2] [0.0709559, -0.0709424, 0.0553695]
[-1.6, 2, -1.2] [0.0477873, -0.059729, 0.0370434]
[-1.6, -2, -0.8] [0.0397546, 0.0497497, 0.0206599]
[-1.6, -1.6, -0.8] [0.0623385, 0.0624006, 0.0326585]
[-1.6, -1.2, -0.8] [0.0963066, 0.0722982, 0.0509714]
[-1.6, -0.8, -0.8] [0.14069, 0.0704158, 0.075295]
[-1.6, -0.4, -0.8] [0.183531, 0.0459524, 0.0991384]
[-1.6, 0, -0.8] [0.202163, 6.33325e-05, 0.109607]
[-1.6, 0.4, -0.8] [0.183559, -0.0458361, 0.0991392]
[-1.6, 0.8, -0.8] [0.140735, -0.0703278, 0.0752955]
[-1.6, 1.2, -0.8] [0.0963526, -0.0722374, 0.050971]
[-1.6, 1.6, -0.8] [0.0623775, -0.0623618, 0.0326597]
[-1.6, 2, -0.8] [0.0397858, -0.0497247, 0.0206599]
[-1.6, -2, -0.4] [0.0230374, 0.0288282, 0.00604045]
[-1.6, -1.6, -0.4] [0.0376527, 0.0376889, 0.00995243]
[-1.6, -1.2, -0.4] [0.0613054, 0.0460202, 0.016388]
[-1.6, -0.8, -0.4] [0.0950251, 0.0475585, 0.0257558]
[-1.6, -0.4, -0.4] [0.130501, 0.0326733, 0.035815]
[-1.6, 0, -0.4] [0.146822, 4.61937e-05, 0.0405046]
[-1.6, 0.4, -0.4] [0.130521, -0.0325921, 0.0358155]
[-1.6, 0.8, -0.4] [0.0950547, -0.0474986, 0.0257557]
[-1.6, 1.2, -0.4] [0.061334, -0.0459816, 0.0163891]
[-1.6, 1.6, -0.4] [0.0376765, -0.0376654, 0.00995228]
[-1.6, 2, -0.4] [0.0230556, -0.0288136, 0.00604113]
[-1.6, -2, 0] [0, 0, 5.56763e-05]
[-1.6, -1.6, 0] [0, 0, 6.60793e-05]
[-1.6, -1.2, 0] [0, 0, 7.95781e-05]
[-1.6, -0.8, 0] [0, 0, 9.20083e-05]
[-1.6, -0.4, 0] [0, 0, 0.000101253]
[-1.6, 0, 0] [0, 0, 0.000105138]
[-1.6, 0.4, 0] [0, 0, 0.000102577]
[-1.6, 0.8, 0] [0, 0, 9.31722e-05]
[-1.6, 1.2, 0] [0, 0, 7.91637e-05]
[-1.6, 1.6, 0] [0, 0, 6.64384e-05]
[-1.6, 2, 0] [0, 0, 5.64987e-05]
[-1.6, -2, 0.4] [-0.0230374, -0.0288282, 0.00604045]
[-1.6, -1.6, 0.4] [-0.0376528, -0.0376889, 0.00995243]
[-1.6, -1.2, 0.4] [-0.0613054, -0.0460201, 0.016388]
[-1.6, -0.8, 0.4] [-0.0950251, -0.0475585, 0.0257558]
[-1.6, -0.4, 0.4] [-0.130501, -0.0326733, 0.035815]
[-1.6, 0, 0.4] [-0.146822, -4.62032e-05, 0.0405047]
[-1.6, 0.4, 0.4] [-0.130521, 0.0325921, 0.0358155]
[-1.6, 0.8, 0.4] [-0.0950547, 0.0474986, 0.0257558]
[-1.6, 1.2, 0.4] [-0.061334, 0.0459816, 0.0163891]
[-1.6, 1.6, 0.4] [-0.0376765, 0.0376654, 0.00995228]
[-1.6, 2, 0.4] [-0.0230556, 0.0288136, 0.00604113]
[-1.6, -2, 0.8] [-0.0397546, -0.0497497, 0.0206599]
[-1.6, -1.6, 0.8] [-0.0623385, -0.0624006, 0.0326585]
[-1.6, -1.2, 0.8] [-0.0963066, -0.0722982, 0.0509714]
[-1.6, -0.8, 0.8] [-0.14069, -0.0704158, 0.075295]
[-1.6, -0.4, 0.8] [-0.183531, -0.0459524, 0.0991384]
[-1.6, 0, 0.8] [-0.202163, -6.33325e-05, 0.109607]
[-1.6, 0.4, 0.8] [-0.183559, 0.0458361, 0.0991392]
[-1.6, 0.8, 0.8] [-0.140735, 0.0703278, 0.0752955]
[-1.6, 1.2, 0.8] [-0.0963526, 0.0722374, 0.050971]
[-1.6, 1.6, 0.8] [-0.0623775, 0.0623618, 0.0326597]
[-1.6, 2, 0.8] [-0.0397858, 0.0497247, 0.0206599]
[-1.6, -2, 1.2] [-0.0477494, -0.0597592, 0.0370426]
[-1.6, -1.6, 1.2] [-0.0709115, -0.0709869, 0.0553695]
[-1.6, -1.2, 1.2] [-0.10272, -0.0771184, 0.0808147]
[-1.6, -0.8, 1.2] [-0.140322, -0.0702363, 0.111248]
[-1.6, -0.4, 1.2] [-0.173445, -0.0434303, 0.138338]
[-1.6, 0, 1.2] [-0.18707, -5.87257e-05, 0.149544]
[-1.6, 0.4, 1.2] [-0.173473, 0.0433215, 0.138338]
[-1.6, 0.8, 1.2] [-0.140366, 0.070149, 0.111248]
[-1.6, 1.2, 1.2] [-0.102769, 0.0770537, 0.0808151]
[-1.6, 1.6, 1.2] [-0.0709559, 0.0709424, 0.0553695]
[-1.6, 2, 1.2] [-0.0477873, 0.059729, 0.0370434]
[-1.6, -2, 1.6] [-0.0484878, -0.0606894, 0.0499383]
[-1.6, -1.6, 1.6] [-0.0680778, -0.0681574, 0.0704512]
[-1.6, -1.2, 1.6] [-0.0926907, -0.0695948, 0.0964276]
[-1.6, -0.8, 1.6] [-0.119254, -0.0596974, 0.124685]
[-1.6, -0.4, 1.6] [-0.140912, -0.0352877, 0.147875]
[-1.6, 0, 1.6] [-0.149426, -4.62383e-05, 0.157021]
[-1.6, 0.4, 1.6] [-0.140934, 0.0351992, 0.147875]
[-1.6, 0.8, 1.6] [-0.119291, 0.0596222, 0.124685]
[-1.6, 1.2, 1.6] [-0.0927337, 0.0695368, 0.0964275]
[-1.6, 1.6, 1.6] [-0.0681202, 0.0681141, 0.0704514]
[-1.6, 2, 1.6] [-0.0485261, 0.0606592, 0.0499389]
[-1.6, -2, 2] [-0.0448613, -0.0561576, 0.05753]
[-1.6, -1.6, 2] [-0.0598253, -0.0599034, 0.0769808]
[-1.6, -1.2, 2] [-0.077212, -0.0579804, 0.0997069]
[-1.6, -0.8, 2] [-0.0946147, -0.0473696, 0.122572]
[-1.6, -0.4, 2] [-0.107965, -0.0270404, 0.140185]
[-1.6, 0, 2] [-0.113038, -3.45319e-05, 0.146886]
[-1.6, 0.4, 2] [-0.107982, 0.0269718, 0.140185]
[-1.6, 0.8, 2] [-0.0946448, 0.0473093, 0.122572]
[-1.6, 1.2, 2] [-0.0772483, 0.0579322, 0.0997068]
[-1.6, 1.6, 2] [-0.0598622, 0.0598655, 0.0769818]
[-1.6, 2, 2] [-0.0448968, 0.0561298, 0.0575302]
[-1.2, -2, -2] [0.0419203, 0.069985, 0.071888]
[-1.2, -1.6, -2] [0.0578852, 0.077293, 0.0996995]
[-1.2, -1.2, -2] [0.0773868, 0.0774894, 0.133915]
[-1.2, -0.8, -2] [0.097836, 0.0653079, 0.170045]
[-1.2, -0.4, -2] [0.114104, 0.0380951, 0.198953]
[-1.2, 0, -2] [0.120411, 3.81845e-05, 0.210184]
[-1.2, 0.4, -2] [0.114127, -0.0380229, 0.198952]
[-1.2, 0.8, -2] [0.0978765, -0.0652456, 0.170045]
[-1.2, 1.2, -2] [0.0774351, -0.0774391, 0.133915]
[-1.2, 1.6, -2] [0.0579336, -0.0772571, 0.0996997]
[-1.2, 2, -2] [0.0419647, -0.0699589, 0.0718881]
[-1.2, -2, -1.6] [0.047095, 0.0786104, 0.064923]
[-1.2, -1.6, -1.6] [0.0694928, 0.0927764, 0.0964187]
[-1.2, -1.2, -1.6] [0.0997846, 0.0998989, 0.13948]
[-1.2, -0.8, -1.6] [0.134913, 0.0900425, 0.189992]
[-1.2, -0.4, -1.6] [0.16527, 0.0551692, 0.234086]
[-1.2, 0, -1.6] [0.177603, 5.58395e-05, 0.252093]
[-1.2, 0.4, -1.6] [0.165306, -0.0550652, 0.234086]
[-1.2, 0.8, -1.6] [0.13497, -0.0899568, 0.189992]
[-1.2, 1.2, -1.6] [0.0998472, -0.0998363, 0.13948]
[-1.2, 1.6, -1.6] [0.0695508, -0.0927322, 0.0964195]
[-1.2, 2, -1.6] [0.0471447, -0.0785806, 0.0649242]
[-1.2, -2, -1.2] [0.0483594, 0.0807092, 0.050272]
[-1.2, -1.6, -1.2] [0.0770154, 0.102805, 0.0808058]
[-1.2, -1.2, -1.2] [0.120887, 0.121009, 0.128311]
[-1.2, -0.8, -1.2] [0.178969, 0.11943, 0.192392]
[-1.2, -0.4, -1.2] [0.235336, 0.0785478, 0.255705]
[-1.2, 0, -1.2] [0.259855, 8.17849e-05, 0.283541]
[-1.2, 0.4, -1.2] [0.235385, -0.0783999, 0.255705]
[-1.2, 0.8, -1.2] [0.179045, -0.119315, 0.192393]
[-1.2, 1.2, -1.2] [0.120963, -0.120932, 0.128312]
[-1.2, 1.6, -1.2] [0.0770801, -0.102757, 0.0808052]
[-1.2, 2, -1.2] [0.0484101, -0.0806793, 0.0502723]
[-1.2, -2, -0.8] [0.0419131, 0.0699445, 0.0292167]
[-1.2, -1.6, -0.8] [0.0722084, 0.0963802, 0.0509623]
[-1.2, -1.2, -0.8] [0.125461, 0.125576, 0.0900725]
[-1.2, -0.8, -0.8] [0.208599, 0.139191, 0.152945]
[-1.2, -0.4, -0.8] [0.303316, 0.101226, 0.226824]
[-1.2, 0, -0.8] [0.348918, 0.000109475, 0.263146]
[-1.2, 0.4, -0.8] [0.303378, -0.101036, 0.226824]
[-1.2, 0.8, -0.8] [0.208687, -0.139057, 0.152944]
[-1.2, 1.2, -0.8] [0.12554, -0.125498, 0.0900723]
[-1.2, 1.6, -0.8] [0.0722688, -0.0963343, 0.0509611]
[-1.2, 2, -0.8] [0.0419572, -0.0699175, 0.0292162]
[-1.2, -2, -0.4] [0.0250372, 0.0417793, 0.00879853]
[-1.2, -1.6, -0.4] [0.0459658, 0.0613492, 0.0163776]
[-1.2, -1.2, -0.4] [0.0875383, 0.0876131, 0.0318827]
[-1.2, -0.8, -0.4] [0.16431, 0.10963, 0.0617066]
[-1.2, -0.4, -0.4] [0.270193, 0.0901683, 0.104862]
[-1.2, 0, -0.4] [0.328695, 0.000103623, 0.129563]
[-1.2, 0.4, -0.4] [0.270251, -0.0899993, 0.104862]
[-1.2, 0.8, -0.4] [0.164379, -0.109527, 0.0617059]
[-1.2, 1.2, -0.4] [0.0875932, -0.0875584, 0.0318818]
[-1.2, 1.6, -0.4] [0.0460045, -0.0613199, 0.0163791]
[-1.2, 2, -0.4] [0.0250633, -0.0417633, 0.00879857]
[-1.2, -2, 0] [0, 0, 5.45265e-05]
[-1.2, -1.6, 0] [0, 0, 6.87514e-05]
[-1.2, -1.2, 0] [0, 0, 8.60256e-05]
[-1.2, -0.8, 0] [0, 0, 0.000106045]
[-1.2, -0.4, 0] [0, 0, 0.000122638]
[-1.2, 0, 0] [0, 0, 0.000129915]
[-1.2, 0.4, 0] [0, 0, 0.000124191]
[-1.2, 0.8, 0] [0, 0, 0.000106268]
[-1.2, 1.2, 0] [0, 0, 8.68686e-05]
[-1.2, 1.6, 0] [0, 0, 6.83799e-05]
[-1.2, 2, 0] [0, 0, 5.55772e-05]
[-1.2, -2, 0.4] [-0.0250372, -0.0417793, 0.00879853]
[-1.2, -1.6, 0.4] [-0.0459659, -0.0613492, 0.0163776]
[-1.2, -1.2, 0.4] [-0.0875383, -0.0876132, 0.0318827]
[-1.2, -0.8, 0.4] [-0.16431, -0.10963, 0.0617067]
[-1.2, -0.4, 0.4] [-0.270193, -0.0901683, 0.104862]
[-1.2, 0, 0.4] [-0.328695, -0.000103573, 0.129563]
[-1.2, 0.4, 0.4] [-0.270251, 0.0899993, 0.104862]
[-1.2, 0.8, 0.4] [-0.164379, 0.109527, 0.0617059]
[-1.2, 1.2, 0.4] [-0.0875932, 0.0875584, 0.0318818]
[-1.2, 1.6, 0.4] [-0.0460045, 0.0613199, 0.0163791]
[-1.2, 2, 0.4] [-0.0250633, 0.0417633, 0.00879857]
[-1.2, -2, 0.8] [-0.0419131, -0.0699445, 0.0292167]
[-1.2, -1.6, 0.8] [-0.0722084, -0.0963802, 0.0509623]
[-1.2, -1.2, 0.8] [-0.125461, -0.125576, 0.0900725]
[-1.2, -0.8, 0.8] [-0.208599, -0.139191, 0.152945]
[-1.2, -0.4, 0.8] [-0.303316, -0.101226, 0.226824]
[-1.2, 0, 0.8] [-0.348918, -0.000109475, 0.263146]
[-1.2, 0.4, 0.8] [-0.303378, 0.101036, 0.226824]
[-1.2, 0.8, 0.8] [-0.208687, 0.139057, 0.152944]
[-1.2, 1.2, 0.8] [-0.12554, 0.125498, 0.0900723]
[-1.2, 1.6, 0.8] [-0.0722688, 0.0963343, 0.0509611]
[-1.2, 2, 0.8] [-0.0419572, 0.0699175, 0.0292162]
[-1.2, -2, 1.2] [-0.0483594, -0.0807092, 0.050272]
[-1.2, -1.6, 1.2] [-0.0770154, -0.102805, 0.0808058]
[-1.2, -1.2, 1.2] [-0.120887, -0.121009, 0.128311]
[-1.2, -0.8, 1.2] [-0.178969, -0.11943, 0.192392]
[-1.2, -0.4, 1.2] [-0.235336, -0.0785478, 0.255705]
[-1.2, 0, 1.2] [-0.259855, -8.17849e-05, 0.283541]
[-1.2, 0.4, 1.2] [-0.235385, 0.0783999, 0.255705]
[-1.2, 0.8, 1.2] [-0.179045, 0.119315, 0.192393]
[-1.2, 1.2, 1.2] [-0.120963, 0.120932, 0.128312]
[-1.2, 1.6, 1.2] [-0.0770801, 0.102757, 0.0808052]
[-1.2, 2, 1.2] [-0.0484101, 0.0806793, 0.0502723]
[-1.2, -2, 1.6] [-0.047095, -0.0786103, 0.064923]
[-1.2, -1.6, 1.6] [-0.0694928, -0.0927764, 0.0964187]
[-1.2, -1.2, 1.6] [-0.0997846, -0.0998989, 0.13948]
[-1.2, -0.8, 1.6] [-0.134913, -0.0900425, 0.189992]
[-1.2, -0.4, 1.6] [-0.16527, -0.0551692, 0.234086]
[-1.2, 0, 1.6] [-0.177603, -5.58084e-05, 0.252093]
[-1.2, 0.4, 1.6] [-0.165306, 0.0550652, 0.234086]
[-1.2, 0.8, 1.6] [-0.13497, 0.0899569, 0.189992]
[-1.2, 1.2, 1.6] [-0.0998472, 0.0998363, 0.13948]
[-1.2, 1.6, 1.6] [-0.0695507, 0.0927321, 0.0964195]
[-1.2, 2, 1.6] [-0.0471447, 0.0785806, 0.0649242]
[-1.2, -2, 2] [-0.0419203, -0.069985, 0.071888]
[-1.2, -1.6, 2] [-0.0578852, -0.077293, 0.0996995]
[-1.2, -1.2, 2] [-0.0773868, -0.0774894, 0.133915]
[-1.2, -0.8, 2] [-0.097836, -0.0653079, 0.170045]
[-1.2, -0.4, 2] [-0.114104, -0.0380951, 0.198953]
[-1.2, 0, 2] [-0.120411, -3.81845e-05, 0.210184]
[-1.2, 0.4, 2] [-0.114127, 0.0380229, 0.198952]
[-1.2, 0.8, 2] [-0.0978765, 0.0652456, 0.170045]
[-1.2, 1.2, 2] [-0.0774351, 0.0774391, 0.133915]
[-1.2, 1.6, 2] [-0.0579336, 0.0772571, 0.0996997]
[-1.2, 2, 2] [-0.0419647, 0.0699589, 0.0718881]
[-0.8, -2, -2] [0.0332009, 0.083193, 0.0856576]
[-0.8, -1.6, -2] [0.047256, 0.0946936, 0.122556]
[-0.8, -1.2, -2] [0.065183, 0.0979347, 0.170035]
[-0.8, -0.8, -2] [0.0847613, 0.0848834, 0.222347]
[-0.8, -0.4, -2] [0.10084, 0.0504978, 0.265629]
[-0.8, 0, -2] [0.107184, 3.36771e-05, 0.282759]
[-0.8, 0.4, -2] [0.100871, -0.0504352, 0.265629]
[-0.8, 0.8, -2] [0.0848142, -0.0848311, 0.222347]
[-0.8, 1.2, -2] [0.0652448, -0.0978937, 0.170035]
[-0.8, 1.6, -2] [0.0473153, -0.094664, 0.122556]
[-0.8, 2, -2] [0.0332538, -0.0831728, 0.0856569]
[-0.8, -2, -1.6] [0.0385944, 0.0966821, 0.0801169]
[-0.8, -1.6, -1.6] [0.0595699, 0.119337, 0.124666]
[-0.8, -1.2, -1.6] [0.0898947, 0.135028, 0.189981]
[-0.8, -0.8, -1.6] [0.127451, 0.127604, 0.272148]
[-0.8, -0.4, -1.6] [0.161664, 0.080936, 0.348088]
[-0.8, 0, -1.6] [0.175974, 5.6094e-05, 0.380101]
[-0.8, 0.4, -1.6] [0.161715, -0.0808335, 0.348087]
[-0.8, 0.8, -1.6] [0.127531, -0.127524, 0.272148]
[-0.8, 1.2, -1.6] [0.0899795, -0.134972, 0.189981]
[-0.8, 1.6, -1.6] [0.0596449, -0.119301, 0.124666]
[-0.8, 2, -1.6] [0.0386551, -0.096658, 0.0801169]
[-0.8, -2, -1.2] [0.0411849, 0.103148, 0.0645462]
[-0.8, -1.6, -1.2] [0.0701017, 0.140407, 0.111227]
[-0.8, -1.2, -1.2] [0.119259, 0.179098, 0.192379]
[-0.8, -0.8, -1.2] [0.192007, 0.192199, 0.315908]
[-0.8, -0.4, -1.2] [0.269483, 0.134887, 0.451372]
[-0.8, 0, -1.2] [0.304932, 9.62222e-05, 0.514547]
[-0.8, 0.4, -1.2] [0.269568, -0.13472, 0.451372]
[-0.8, 0.8, -1.2] [0.192127, -0.192077, 0.315909]
[-0.8, 1.2, -1.2] [0.119371, -0.179023, 0.19238]
[-0.8, 1.6, -1.2] [0.0701893, -0.140363, 0.111227]
[-0.8, 2, -1.2] [0.041249, -0.103122, 0.0645479]
[-0.8, -2, -0.8] [0.0371035, 0.092913, 0.0390423]
[-0.8, -1.6, -0.8] [0.0702911, 0.140766, 0.0752705]
[-0.8, -1.2, -0.8] [0.139011, 0.20873, 0.152931]
[-0.8, -0.8, -0.8] [0.269841, 0.27007, 0.308413]
[-0.8, -0.4, -0.8] [0.448716, 0.224569, 0.534506]
[-0.8, 0, -0.8] [0.543877, 0.000170893, 0.660595]
[-0.8, 0.4, -0.8] [0.448856, -0.224289, 0.534506]
[-0.8, 0.8, -0.8] [0.27001, -0.2699, 0.308414]
[-0.8, 1.2, -0.8] [0.139143, -0.208643, 0.152931]
[-0.8, 1.6, -0.8] [0.0703797, -0.140722, 0.0752725]
[-0.8, 2, -0.8] [0.0371618, -0.0928897, 0.0390409]
[-0.8, -2, -0.4] [0.0228519, 0.05722, 0.0121197]
[-0.8, -1.6, -0.4] [0.0474785, 0.0950723, 0.0257326]
[-0.8, -1.2, -0.4] [0.109501, 0.164403, 0.0616912]
[-0.8, -0.8, -0.4] [0.271748, 0.271954, 0.163845]
[-0.8, -0.4, -0.4] [0.609082, 0.304801, 0.404631]
[-0.8, 0, -0.4] [0.854388, 0.000268702, 0.601029]
[-0.8, 0.4, -0.4] [0.609272, -0.304418, 0.404631]
[-0.8, 0.8, -0.4] [0.271919, -0.271783, 0.163844]
[-0.8, 1.2, -0.4] [0.109604, -0.164334, 0.0616923]
[-0.8, 1.6, -0.4] [0.0475381, -0.0950425, 0.0257318]
[-0.8, 2, -0.4] [0.0228879, -0.0572054, 0.0121196]
[-0.8, -2, 0] [0, 0, 5.00143e-05]
[-0.8, -1.6, 0] [0, 0, 6.84874e-05]
[-0.8, -1.2, 0] [0, 0, 9.15254e-05]
[-0.8, -0.8, 0] [0, 0, 0.000124734]
[-0.8, -0.4, 0] [0, 0, 0.000156315]
[-0.8, 0, 0] [0, 0, 0.000168265]
[-0.8, 0.4, 0] [0, 0, 0.000154409]
[-0.8, 0.8, 0] [0, 0, 0.00012405]
[-0.8, 1.2, 0] [0, 0, 9.11204e-05]
[-0.8, 1.6, 0] [0, 0, 6.87145e-05]
[-0.8, 2, 0] [0, 0, 5.10354e-05]
[-0.8, -2, 0.4] [-0.0228519, -0.05722, 0.0121197]
[-0.8, -1.6, 0.4] [-0.0474785, -0.0950724, 0.0257326]
[-0.8, -1.2, 0.4] [-0.109501, -0.164403, 0.0616913]
[-0.8, -0.8, 0.4] [-0.271748, -0.271954, 0.163845]
[-0.8, -0.4, 0.4] [-0.609082, -0.304801, 0.404631]
[-0.8, 0, 0.4] [-0.854388, -0.000268719, 0.601029]
[-0.8, 0.4, 0.4] [-0.609272, 0.304418, 0.404631]
[-0.8, 0.8, 0.4] [-0.271919, 0.271784, 0.163844]
[-0.8, 1.2, 0.4] [-0.109604, 0.164334, 0.0616924]
[-0.8, 1.6, 0.4] [-0.0475381, 0.0950426, 0.0257318]
[-0.8, 2, 0.4] [-0.0228879, 0.0572054, 0.0121196]
[-0.8, -2, 0.8] [-0.0371035, -0.092913, 0.0390423]
[-0.8, -1.6, 0.8] [-0.0702911, -0.140766, 0.0752705]
[-0.8, -1.2, 0.8] [-0.139011, -0.20873, 0.152931]
[-0.8, -0.8, 0.8] [-0.269841, -0.27007, 0.308413]
[-0.8, -0.4, 0.8] [-0.448716, -0.224569, 0.534506]
[-0.8, 0, 0.8] [-0.543877, -0.000170893, 0.660595]
[-0.8, 0.4, 0.8] [-0.448856, 0.224289, 0.534506]
[-0.8, 0.8, 0.8] [-0.27001, 0.2699, 0.308414]
[-0.8, 1.2, 0.8] [-0.139143, 0.208643, 0.152931]
[-0.8, 1.6, 0.8] [-0.0703797, 0.140722, 0.0752725]
[-0.8, 2, 0.8] [-0.0371618, 0.0928897, 0.0390409]
[-0.8, -2, 1.2] [-0.0411849, -0.103148, 0.0645462]
[-0.8, -1.6, 1.2] [-0.0701017, -0.140407, 0.111227]
[-0.8, -1.2, 1.2] [-0.119259, -0.179098, 0.192379]
[-0.8, -0.8, 1.2] [-0.192007, -0.192199, 0.315908]
[-0.8, -0.4, 1.2] [-0.269483, -0.134887, 0.451372]
[-0.8, 0, 1.2] [-0.304932, -9.62222e-05, 0.514547]
[-0.8, 0.4, 1.2] [-0.269568, 0.13472, 0.451372]
[-0.8, 0.8, 1.2] [-0.192127, 0.192077, 0.315909]
[-0.8, 1.2, 1.2] [-0.119371, 0.179023, 0.19238]
[-0.8, 1.6, 1.2] [-0.0701893, 0.140363, 0.111227]
[-0.8, 2, 1.2] [-0.041249, 0.103122, 0.0645479]
[-0.8, -2, 1.6] [-0.0385944, -0.0966821, 0.0801169]
[-0.8, -1.6, 1.6] [-0.05957, -0.119337, 0.124666]
[-0.8, -1.2, 1.6] [-0.0898947, -0.135028, 0.189981]
[-0.8, -0.8, 1.6] [-0.127451, -0.127604, 0.272149]
[-0.8, -0.4, 1.6] [-0.161663, -0.080936, 0.348088]
[-0.8, 0, 1.6] [-0.175974, -5.6125e-05, 0.380101]
[-0.8, 0.4, 1.6] [-0.161715, 0.0808334, 0.348087]
[-0.8, 0.8, 1.6] [-0.127531, 0.127524, 0.272148]
[-0.8, 1.2, 1.6] [-0.0899795, 0.134972, 0.189981]
[-0.8, 1.6, 1.6] [-0.0596449, 0.119301, 0.124666]
[-0.8, 2, 1.6] [-0.0386551, 0.096658, 0.0801169]
[-0.8, -2, 2] [-0.0332009, -0.083193, 0.0856576]
[-0.8, -1.6, 2] [-0.047256, -0.0946936, 0.122556]
[-0.8, -1.2, 2] [-0.065183, -0.0979347, 0.170035]
[-0.8, -0.8, 2] [-0.0847613, -0.0848834, 0.222347]
[-0.8, -0.4, 2] [-0.10084, -0.0504978, 0.265629]
[-0.8, 0, 2] [-0.107184, -3.36771e-05, 0.282759]
[-0.8, 0.4, 2] [-0.100871, 0.0504352, 0.265629]
[-0.8, 0.8, 2] [-0.0848142, 0.0848311, 0.222347]
[-0.8, 1.2, 2] [-0.0652448, 0.0978937, 0.170035]
[-0.8, 1.6, 2] [-0.0473153, 0.094664, 0.122556]
[-0.8, 2, 2] [-0.0332538, 0.0831728, 0.0856569]
[-0.4, -2, -2] [0.0185117, 0.0929626, 0.0958719]
[-0.4, -1.6, -2] [0.0269123, 0.108034, 0.140156]
[-0.4, -1.2, -2] [0.0379525, 0.114191, 0.198932]
[-0.4, -0.8, -2] [0.0503525, 0.100946, 0.265616]
[-0.4, -0.4, -2] [0.060762, 0.0608887, 0.322075]
[-0.4, 0, -2] [0.0649242, 2.0771e-05, 0.344702]
[-0.4, 0.4, -2] [0.0607998, -0.0608503, 0.322075]
[-0.4, 0.8, -2] [0.0504162, -0.100916, 0.265617]
[-0.4, 1.2, -2] [0.0380249, -0.114166, 0.198931]
[-0.4, 1.6, -2] [0.0269799, -0.108017, 0.140158]
[-0.4, 2, -2] [0.0185708, -0.0929507, 0.0958723]
[-0.4, -2, -1.6] [0.0220421, 0.110632, 0.091895]
[-0.4, -1.6, -1.6] [0.0351392, 0.140983, 0.147844]
[-0.4, -1.2, -1.6] [0.0549914, 0.165368, 0.234062]
[-0.4, -0.8, -1.6] [0.0807456, 0.161795, 0.348072]
[-0.4, -0.4, -1.6] [0.105066, 0.105232, 0.45771]
[-0.4, 0, -1.6] [0.115438, 3.80122e-05, 0.504924]
[-0.4, 0.4, -1.6] [0.105132, -0.105168, 0.457711]
[-0.4, 0.8, -1.6] [0.0808471, -0.161745, 0.348071]
[-0.4, 1.2, -1.6] [0.0550953, -0.165333, 0.234061]
[-0.4, 1.6, -1.6] [0.0352273, -0.140961, 0.147843]
[-0.4, 2, -1.6] [0.0221117, -0.110619, 0.0918964]
[-0.4, -2, -1.2] [0.0241877, 0.121348, 0.0761969]
[-0.4, -1.6, -1.2] [0.0432661, 0.173517, 0.138303]
[-0.4, -1.2, -1.2] [0.0783274, 0.235446, 0.255674]
[-0.4, -0.8, -1.2] [0.134626, 0.26965, 0.451354]
[-0.4, -0.4, -1.2] [0.198325, 0.198559, 0.682161]
[-0.4, 0, -1.2] [0.22822, 7.06199e-05, 0.793626]
[-0.4, 0.4, -1.2] [0.19845, -0.198434, 0.68216]
[-0.4, 0.8, -1.2] [0.134796, -0.269566, 0.451353]
[-0.4, 1.2, -1.2] [0.078476, -0.235397, 0.255675]
[-0.4, 1.6, -1.2] [0.0433751, -0.17349, 0.138302]
[-0.4, 2, -1.2] [0.0242638, -0.121333, 0.0761964]
[-0.4, -2, -0.8] [0.0224361, 0.112527, 0.0474987]
[-0.4, -1.6, -0.8] [0.0457925, 0.183593, 0.0990992]
[-0.4, -1.2, -0.8] [0.100974, 0.303427, 0.22679]
[-0.4, -0.8, -0.8] [0.224202, 0.448928, 0.534484]
[-0.4, -0.4, -0.8] [0.412053, 0.412421, 1.05638]
[-0.4, 0, -0.8] [0.512304, 0.000161236, 1.36193]
[-0.4, 0.4, -0.8] [0.412313, -0.412164, 1.05638]
[-0.4, 0.8, -0.8] [0.224485, -0.448788, 0.534485]
[-0.4, 1.2, -0.8] [0.101166, -0.303361, 0.22679]
[-0.4, 1.6, -0.8] [0.0459082, -0.183564, 0.0990995]
[-0.4, 2, -0.8] [0.0225067, -0.112513, 0.0474979]
[-0.4, -2, -0.4] [0.0141531, 0.0709721, 0.0151031]
[-0.4, -1.6, -0.4] [0.0325664, 0.130541, 0.0357737]
[-0.4, -1.2, -0.4] [0.0899616, 0.270278, 0.104828]
[-0.4, -0.8, -0.4] [0.304363, 0.609318, 0.404611]
[-0.4, -0.4, -0.4] [0.914003, 0.914654, 1.57578]
[-0.4, 0, -0.4] [1.26807, 0.000398635, 2.60025]
[-0.4, 0.4, -0.4] [0.914572, -0.91408, 1.57577]
[-0.4, 0.8, -0.4] [0.304746, -0.609123, 0.404613]
[-0.4, 1.2, -0.4] [0.0901311, -0.270221, 0.104828]
[-0.4, 1.6, -0.4] [0.0326483, -0.13052, 0.0357723]
[-0.4, 2, -0.4] [0.0141979, -0.0709633, 0.0151024]
[-0.4, -2, 0] [0, 0, 4.10466e-05]
[-0.4, -1.6, 0] [0, 0, 5.87683e-05]
[-0.4, -1.2, 0] [0, 0, 8.78165e-05]
[-0.4, -0.8, 0] [0, 0, 0.00013813]
[-0.4, -0.4, 0] [0, 0, 0.000206677]
[-0.4, 0, 0] [0, 0, 6.28343]
[-0.4, 0.4, 0] [0, 0, 0.00020668]
[-0.4, 0.8, 0] [0, 0, 0.000137778]
[-0.4, 1.2, 0] [0, 0, 8.76637e-05]
[-0.4, 1.6, 0] [0, 0, 5.94911e-05]
[-0.4, 2, 0] [0, 0, 4.06281e-05]
[-0.4, -2, 0.4] [-0.0141531, -0.0709721, 0.0151031]
[-0.4, -1.6, 0.4] [-0.0325664, -0.130541, 0.0357738]
[-0.4, -1.2, 0.4] [-0.0899616, -0.270278, 0.104828]
[-0.4, -0.8, 0.4] [-0.304363, -0.609318, 0.404611]
[-0.4, -0.4, 0.4] [-0.914003, -0.914654, 1.57578]
[-0.4, 0, 0.4] [-1.26807, -0.000398726, 2.60025]
[-0.4, 0.4, 0.4] [-0.914572, 0.91408, 1.57577]
[-0.4, 0.8, 0.4] [-0.304746, 0.609123, 0.404613]
[-0.4, 1.2, 0.4] [-0.0901311, 0.270221, 0.104828]
[-0.4, 1.6, 0.4] [-0.0326483, 0.13052, 0.0357724]
[-0.4, 2, 0.4] [-0.0141979, 0.0709634, 0.0151024]
[-0.4, -2, 0.8] [-0.0224361, -0.112527, 0.0474987]
[-0.4, -1.6, 0.8] [-0.0457925, -0.183593, 0.0990992]
[-0.4, -1.2, 0.8] [-0.100974, -0.303427, 0.22679]
[-0.4, -0.8, 0.8] [-0.224202, -0.448928, 0.534484]
[-0.4, -0.4, 0.8] [-0.412053, -0.412421, 1.05638]
[-0.4, 0, 0.8] [-0.512304, -0.000161236, 1.36193]
[-0.4, 0.4, 0.8] [-0.412313, 0.412164, 1.05638]
[-0.4, 0.8, 0.8] [-0.224485, 0.448788, 0.534485]
[-0.4, 1.2, 0.8] [-0.101166, 0.303361, 0.22679]
[-0.4, 1.6, 0.8] [-0.0459082, 0.183564, 0.0990995]
[-0.4, 2, 0.8] [-0.0225067, 0.112513, 0.0474979]
[-0.4, -2, 1.2] [-0.0241877, -0.121348, 0.0761969]
[-0.4, -1.6, 1.2] [-0.0432661, -0.173517, 0.138303]
[-0.4, -1.2, 1.2] [-0.0783274, -0.235446, 0.255674]
[-0.4, -0.8, 1.2] [-0.134626, -0.26965, 0.451354]
[-0.4, -0.4, 1.2] [-0.198325, -0.198559, 0.682161]
[-0.4, 0, 1.2] [-0.22822, -7.06199e-05, 0.793626]
[-0.4, 0.4, 1.2] [-0.19845, 0.198434, 0.68216]
[-0.4, 0.8, 1.2] [-0.134796, 0.269566, 0.451353]
[-0.4, 1.2, 1.2] [-0.078476, 0.235397, 0.255675]
[-0.4, 1.6, 1.2] [-0.0433751, 0.17349, 0.138302]
[-0.4, 2, 1.2] [-0.0242638, 0.121333, 0.0761964]
[-0.4, -2, 1.6] [-0.0220421, -0.110632, 0.0918951]
[-0.4, -1.6, 1.6] [-0.0351392, -0.140983, 0.147844]
[-0.4, -1.2, 1.6] [-0.0549914, -0.165368, 0.234062]
[-0.4, -0.8, 1.6] [-0.0807456, -0.161